300
0 5.12311 1.98444
1 3.28217 6.25235
2 6.55995 1.29452
3 6.24413 5.09097
4 1.73218 0.531156
5 3.0846 7.26086
6 7.87391 4.37437
7 3.79665 1.35376
8 5.02964 2.31257
9 8.78847 4.72542
10 1.91992 3.79662
11 9.57133 3.12317
12 5.42217 9.87909
13 2.46935 8.21274
14 2.21053 7.69145
15 0.547368 7.48637
16 3.3338 5.73776
17 5.26508 3.90741
18 6.23058 9.97208
19 0.483572 2.68105
20 0.593077 1.2553
21 6.44787 0.348744
22 2.5794 6.20588
23 7.07035 9.00699
24 8.4423 4.56102
25 6.5805 5.27197
26 1.5525 6.88583
27 1.36054 5.6351
28 0.852404 2.85711
29 1.45598 3.63118
30 1.85748 6.07817
31 6.90844 3.53088
32 4.23057 1.38274
33 1.91769 4.07645
34 3.29182 2.35206
35 9.89718 7.20507
36 4.27403 1.5551
37 0.694124 0.693335
38 1.44911 7.4507
39 0.0686556 2.67064
40 0.251363 8.62527
41 0.756088 3.47867
42 6.60033 9.27109
43 9.68271 5.47888
44 1.59404 9.83139
45 3.5597 1.17949
46 0.025526 5.36357
47 4.20562 3.16674
48 4.25704 6.15049
49 2.60772 1.08548
50 8.37001 9.62597
51 4.89192 4.94801
52 4.02674 8.33803
53 8.81579 6.52993
54 7.01391 0.856429
55 6.79756 2.06988
56 2.23189 3.22733
57 6.00091 4.60098
58 8.33741 9.28484
59 7.50664 2.28727
60 5.24345 9.22248
61 0.207738 0.435691
62 2.16778 1.3863
63 3.32275 5.35614
64 7.93399 1.40095
65 5.31935 1.71503
66 7.79034 3.70655
67 9.01616 0.448177
68 5.41993 9.77853
69 0.298007 1.35012
70 8.14498 6.76029
71 6.94729 4.08887
72 6.94777 4.56846
73 9.72087 5.05037
74 8.65471 2.73896
75 3.34967 8.72879
76 9.91167 2.59525
77 4.38396 0.265435
78 3.00694 8.56514
79 4.49461 1.87672
80 6.75101 1.2345
81 7.98668 6.34137
82 8.62614 5.74049
83 5.40386 4.80693
84 1.66838 2.45569
85 6.32356 0.0489799
86 9.67765 7.80516
87 4.81677 9.79213
88 2.83248 1.19475
89 4.20478 9.09766
90 1.86141 7.81634
91 0.119662 9.82574
92 2.00008 9.0142
93 2.84314 7.01933
94 1.77899 1.59478
95 2.09265 5.45872
96 8.72799 3.3348
97 2.66169 6.87023
98 1.62985 9.9951
99 2.64078 3.45461
100 4.11043 5.52403
101 3.7184 8.60541
102 6.88583 9.81931
103 2.90264 0.260752
104 0.35603 8.85092
105 6.6975 9.13535
106 3.96976 0.634703
107 4.91413 3.92205
108 9.89196 0.0683228
109 3.92883 7.58858
110 0.684389 2.93159
111 7.81287 4.91337
112 0.929416 8.25153
113 3.66218 0.11531
114 0.241592 9.90128
115 0.451437 0.682361
116 1.45763 8.88863
117 0.75344 8.53797
118 7.14029 8.71314
119 2.22142 2.4883
120 1.75229 3.5542
121 6.08051 3.91161
122 5.16834 7.78472
123 0.55849 2.29465
124 3.38878 7.14484
125 1.87289 6.33924
126 5.50077 3.44914
127 8.41337 3.55077
128 4.76252 0.0191181
129 4.90698 3.12424
130 0.837151 5.50657
131 6.76031 7.01831
132 9.80405 8.76155
133 6.11723 9.55618
134 5.53686 6.29263
135 5.73828 4.60262
136 4.95027 1.74148
137 9.27762 8.12926
138 8.39838 5.23822
139 5.94678 6.89263
140 5.79547 5.09422
141 1.7575 7.12549
142 3.24295 6.29968
143 4.68823 4.18665
144 1.60478 0.909717
145 7.26052 2.47357
146 6.13199 9.29781
147 5.79262 0.633528
148 4.0286 6.25518
149 0.831384 5.76931
150 4.20151 6.97523
151 9.71799 4.59177
152 4.05735 1.25336
153 3.4925 8.10549
154 8.04773 7.9464
155 4.18131 2.29547
156 9.88903 3.21236
157 6.7759 0.968205
158 9.17328 1.22937
159 9.02787 1.0746
160 6.41914 8.80811
161 7.80911 9.2464
162 5.64453 0.42291
163 3.18124 6.6289
164 8.34601 8.68361
165 2.67217 5.04264
166 4.25598 5.21156
167 5.59642 4.14495
168 1.51228 0.673017
169 5.99223 9.48112
170 5.04038 4.13289
171 9.1626 8.67336
172 0.775275 9.94008
173 9.41654 9.4321
174 9.56472 9.64529
175 0.43969 4.20756
176 2.5548 3.93391
177 8.83808 2.89141
178 9.44669 9.93903
179 9.99445 1.89203
180 2.88976 8.49855
181 0.282753 2.03261
182 2.38487 4.44456
183 3.9084 6.20412
184 0.917541 4.43147
185 1.2345 4.09435
186 7.88538 5.70882
187 8.7415 7.63752
188 2.12439 7.51904
189 7.5229 4.46779
190 5.3926 3.2252
191 1.30303 8.15128
192 7.16425 1.46478
193 8.36231 7.67346
194 7.37955 2.76148
195 0.944124 0.320439
196 5.75005 4.25344
197 8.91083 9.75374
198 7.04804 9.46231
199 8.10223 0.257133
200 8.92027 5.51514
201 6.26197 8.69474
202 5.76187 6.05676
203 8.42269 5.85049
204 1.35931 7.57204
205 4.36609 9.15195
206 1.41861 5.15796
207 5.78669 7.05449
208 7.64572 7.33992
209 5.33978 1.99432
210 5.4037 1.62363
211 2.48691 0.361712
212 2.38753 7.48932
213 8.01918 2.87299
214 8.94214 6.68923
215 6.32374 1.84717
216 8.57124 8.36375
217 5.23025 9.48987
218 6.18726 1.65574
219 9.35639 9.70432
220 2.52366 0.888694
221 5.22402 1.13208
222 6.62786 0.631878
223 3.2525 9.44136
224 7.62014 8.60763
225 8.74 1.22465
226 1.12794 9.3299
227 3.92554 8.64275
228 2.9685 0.562205
229 0.276718 8.87516
230 9.60765 4.33771
231 1.12103 3.00737
232 0.706359 1.60764
233 3.21389 5.98596
234 5.82925 5.69527
235 8.29165 7.02644
236 5.06895 2.47457
237 9.03848 6.74336
238 6.23367 1.1478
239 0.397359 5.56946
240 3.21065 6.05606
241 8.21133 7.67679
242 7.59168 3.85649
243 5.9521 9.72952
244 5.09325 2.76371
245 7.94501 6.61519
246 3.26704 5.13501
247 5.07097 1.89992
248 4.2512 9.59042
249 3.84627 9.69524
250 9.48119 4.83804
251 5.19344 4.39015
252 5.74438 6.05467
253 5.64614 3.34018
254 7.97048 9.45808
255 7.66012 9.28879
256 2.64166 9.92113
257 9.99861 8.77272
258 4.1275 2.62884
259 1.69437 1.696
260 2.40982 1.05676
261 5.98479 6.35638
262 0.974935 3.82619
263 5.34089 1.50093
264 0.303368 7.74341
265 8.39233 3.57882
266 7.53042 7.5222
267 4.38686 6.38846
268 5.71976 4.96105
269 9.35106 8.78591
270 2.45276 7.16873
271 7.77732 3.01625
272 9.01268 3.48356
273 3.19345 0.566839
274 1.49115 1.75143
275 0.281206 0.346615
276 0.781605 0.131657
277 7.4325 2.93452
278 7.78789 2.42309
279 4.22222 9.94994
280 1.28812 8.08109
281 5.66236 7.5455
282 7.93974 2.24524
283 9.41526 2.6068
284 8.46997 1.94982
285 9.70501 7.84544
286 3.74485 1.69304
287 2.81047 5.34275
288 4.68303 4.7473
289 7.37362 6.37088
290 4.99751 8.74481
291 9.57699 9.80855
292 3.29796 7.65955
293 9.47228 7.33312
294 3.4452 1.51284
295 9.7372 2.38046
296 8.40578 9.86818
297 7.22266 0.099511
298 9.60422 1.00582
299 9.02525 6.65662
