50 50
163 151 162 85 83 190 241 252 249 121 107 82 20 19 233 226 45 81 142 31 86 8 87 39 167 5 212 208 82 130 119 117 27 153 74 237 88 61 106 82 54 213 36 74 104 142 173 149 95 60 
53 181 196 140 221 108 17 50 61 226 180 180 89 207 206 35 61 39 223 167 249 150 252 30 224 102 44 14 123 140 202 48 66 143 188 159 123 206 209 184 177 135 236 138 214 187 46 21 99 14 
60 220 164 58 122 6 32 167 147 27 52 221 76 245 236 136 150 104 214 104 160 9 111 142 147 71 201 65 219 172 207 151 137 243 81 5 121 113 44 14 13 96 107 89 213 89 225 108 193 185 
85 99 66 68 113 85 11 186 151 230 104 103 254 113 91 80 118 85 194 34 99 79 2 206 168 216 167 10 69 106 67 26 77 133 95 62 219 106 248 115 209 97 90 208 83 53 33 201 138 99 
236 109 178 238 188 218 71 100 229 13 78 168 39 27 47 6 89 138 240 83 125 194 52 215 19 135 140 179 209 151 24 62 132 74 172 192 165 244 38 11 2 243 179 168 16 98 175 232 236 160 
60 106 226 240 193 245 120 206 169 201 102 65 8 106 12 53 44 177 42 209 60 171 197 239 84 85 83 131 63 191 36 250 43 134 235 108 124 101 59 166 174 33 103 183 140 115 236 56 164 150 
10 224 66 207 81 22 165 36 154 228 227 62 223 142 69 204 251 65 177 182 231 96 88 207 151 100 194 4 156 104 154 166 200 92 245 153 242 155 189 13 0 34 202 224 176 16 45 44 82 222 
227 185 190 60 137 214 160 77 218 188 53 245 99 125 209 216 24 196 117 85 209 244 119 29 213 41 45 130 85 127 224 184 58 160 116 67 119 148 16 209 81 69 199 52 67 26 14 91 222 3 
48 49 247 168 78 78 81 123 208 38 123 178 223 53 210 84 247 201 233 9 155 186 78 227 239 145 253 253 108 92 128 157 141 120 197 91 70 23 87 24 61 210 74 156 135 29 113 127 230 218 
136 2 149 87 229 133 104 227 3 213 65 131 242 78 124 56 170 194 79 2 90 12 84 164 169 219 65 154 218 40 117 100 43 11 59 144 17 163 117 20 248 54 24 235 132 20 36 174 86 242 
176 177 0 132 213 41 96 24 195 60 191 57 32 234 195 91 124 212 254 113 105 248 167 1 100 171 21 9 91 107 123 139 156 250 17 115 36 240 11 103 172 202 32 76 54 100 167 50 57 39 
35 34 159 74 35 131 245 183 12 208 163 136 220 64 131 237 51 40 94 62 15 139 137 48 215 63 148 128 113 77 39 148 112 198 222 19 201 84 75 214 38 238 95 3 174 98 112 226 138 78 
160 154 217 169 74 178 232 94 178 217 171 217 237 155 32 76 47 105 161 122 64 71 232 31 201 151 2 185 249 140 8 155 166 226 196 112 21 174 206 199 8 250 33 246 150 192 67 69 42 100 
191 234 171 168 137 244 192 139 174 186 152 55 86 190 153 155 48 174 74 126 245 209 121 150 200 144 214 13 213 128 240 22 107 157 62 245 18 254 1 193 186 153 248 144 89 18 44 137 192 245 
8 54 200 2 204 17 146 35 157 231 163 143 253 143 45 61 5 63 187 6 128 245 160 248 135 249 11 51 3 75 169 138 129 241 140 205 3 158 240 161 135 149 49 5 37 221 193 42 156 126 
175 30 116 80 150 123 201 162 47 76 109 216 215 239 202 227 189 205 3 47 238 10 68 32 15 105 253 209 19 27 207 194 57 195 147 79 64 93 113 111 170 223 199 2 207 18 101 13 223 104 
187 207 114 0 111 2 105 237 211 251 9 163 191 193 103 83 17 39 48 131 22 90 99 93 219 178 111 66 63 80 42 251 159 29 251 15 31 229 124 114 225 133 149 33 71 124 243 89 36 37 
92 58 127 191 152 92 241 135 30 49 215 199 45 246 228 42 134 131 16 3 245 113 137 11 147 80 136 135 169 172 172 6 102 172 69 126 136 55 7 38 105 94 237 22 213 211 64 92 214 207 
222 77 66 231 88 85 57 96 220 226 140 10 105 243 54 46 241 190 102 120 228 79 215 210 101 45 38 38 137 253 117 231 75 55 208 35 140 10 132 233 108 17 243 85 132 42 132 246 104 106 
111 204 185 198 159 158 243 70 68 252 195 186 229 142 241 182 177 254 192 181 232 172 71 220 3 203 134 135 66 110 241 178 59 43 248 218 73 237 160 142 234 100 200 80 242 58 7 37 57 71 
218 34 244 34 126 119 110 132 254 176 242 112 226 46 27 220 137 227 74 42 114 53 15 186 6 129 245 13 166 47 212 2 209 73 36 80 192 146 85 191 195 72 175 166 119 202 131 128 46 77 
170 161 3 57 219 9 187 209 149 225 129 106 227 83 179 136 35 116 154 120 179 94 65 99 6 56 173 9 184 220 87 226 253 90 29 89 226 88 44 120 58 45 227 158 128 23 39 35 140 193 
28 191 160 93 163 166 21 208 47 205 45 6 176 170 223 205 5 194 165 49 187 224 94 159 254 94 54 38 1 66 103 29 3 8 249 166 46 15 246 221 92 37 227 14 207 68 91 212 134 2 
133 66 98 227 97 97 193 152 7 195 218 237 96 93 246 218 131 164 105 123 130 198 160 230 84 239 43 175 197 49 49 75 116 147 175 85 116 113 109 250 53 73 233 22 38 96 240 170 5 90 
38 136 33 70 111 117 54 26 165 123 75 214 199 63 234 246 149 222 104 130 218 30 203 68 52 114 164 164 29 41 254 194 177 160 136 160 149 190 186 186 186 134 18 2 197 252 248 218 219 97 
94 54 254 169 249 178 28 158 87 184 200 214 123 249 119 4 155 140 67 213 199 125 92 217 127 162 214 120 125 50 89 91 232 89 133 226 12 161 2 100 218 74 186 213 68 177 90 95 62 157 
54 6 154 146 223 26 53 54 146 51 232 107 142 209 196 20 180 81 54 54 53 17 128 239 102 197 161 192 164 95 221 218 229 120 110 197 146 35 124 164 86 101 17 101 55 85 248 107 166 174 
162 91 63 162 75 166 104 108 103 141 204 70 104 178 190 86 247 209 122 243 118 80 89 7 53 16 93 47 124 131 221 158 223 30 65 170 196 42 151 44 183 100 241 32 150 177 246 14 131 113 
3 121 65 92 1 119 109 94 166 105 97 4 8 192 34 200 235 102 242 131 19 170 103 5 75 253 182 66 12 185 51 15 179 116 108 180 107 89 146 145 194 243 150 74 53 56 19 33 31 134 
36 50 49 139 55 251 137 110 189 21 167 112 164 91 101 144 16 208 233 162 99 44 23 121 118 203 177 9 108 208 143 144 130 65 28 186 188 37 168 123 185 80 235 94 172 81 238 60 162 88 
223 6 132 118 127 122 66 176 132 174 2 20 63 132 212 218 190 146 127 103 14 184 56 121 24 228 75 134 33 237 223 128 115 100 246 114 95 57 35 227 103 164 119 38 169 204 1 104 95 0 
80 236 185 136 102 81 109 49 87 14 31 55 15 18 28 6 132 123 191 40 222 166 204 213 205 118 162 206 95 2 79 175 110 136 183 85 89 164 134 176 178 38 232 193 56 132 72 189 127 135 
229 94 46 50 179 251 169 87 75 136 216 26 183 72 162 111 157 251 20 163 44 70 201 148 9 3 25 208 192 152 215 166 118 6 216 170 130 2 129 77 10 90 103 193 34 10 49 63 133 69 
227 49 140 173 198 21 176 223 101 240 248 61 23 238 194 112 25 69 114 154 146 252 117 121 190 151 3 112 87 136 53 59 186 65 104 1 86 153 96 59 138 89 247 162 200 187 19 225 128 5 
252 147 129 114 13 65 137 17 49 224 25 102 155 83 168 5 84 126 30 181 58 40 142 50 202 214 237 93 185 111 226 182 130 227 168 143 164 50 32 213 20 58 61 175 13 101 52 98 227 82 
151 30 123 38 208 197 253 190 163 55 173 6 109 48 233 22 64 143 72 96 228 219 26 34 12 40 7 64 10 107 19 161 9 14 71 217 83 196 153 246 123 198 124 232 119 230 126 55 245 71 
23 218 35 50 125 47 217 132 239 227 239 3 5 249 17 203 211 100 145 236 219 13 52 215 118 171 190 244 98 180 187 121 144 223 43 141 142 5 18 126 104 3 1 236 124 18 185 80 246 75 
189 82 215 241 42 78 29 105 195 127 157 127 248 46 222 37 59 237 169 78 108 19 208 110 0 77 0 57 29 118 132 218 200 220 76 115 43 105 220 110 104 122 110 98 41 204 7 100 186 48 
50 40 194 3 22 67 80 22 124 110 13 129 200 213 94 22 200 9 127 37 120 232 160 102 202 73 51 81 45 110 129 96 22 196 99 44 8 52 193 132 162 78 6 107 37 100 129 109 110 129 
147 102 233 179 76 180 252 254 133 169 109 134 10 131 75 237 47 83 34 113 216 196 191 94 175 100 195 177 210 177 51 229 151 29 153 227 81 150 226 86 64 208 220 202 211 41 184 131 124 218 
116 212 31 179 52 206 25 119 0 107 41 51 208 192 207 106 36 160 128 7 246 64 87 212 11 44 125 67 175 249 30 36 207 188 215 131 140 112 250 12 91 36 64 44 100 143 150 136 176 150 
15 167 215 103 251 226 19 121 39 194 243 196 102 67 130 62 198 142 47 193 154 10 101 90 55 201 234 77 209 27 228 224 194 188 199 63 31 218 56 70 29 44 139 131 111 14 66 54 28 240 
119 54 250 220 145 50 166 251 0 247 23 228 89 89 33 33 24 64 124 81 7 25 252 146 157 109 32 95 35 60 80 27 114 202 247 131 253 31 127 125 23 22 98 112 239 131 18 8 195 14 
89 202 39 87 220 196 68 252 163 230 184 115 2 171 63 122 47 188 153 47 58 48 196 156 161 180 159 51 189 226 65 150 174 104 109 11 173 177 9 81 25 193 69 27 109 132 21 29 65 174 
203 123 223 144 151 1 70 55 179 131 26 244 26 72 220 136 84 138 185 220 92 210 158 33 110 140 165 131 41 102 178 244 225 18 5 248 146 75 48 70 206 201 59 105 146 151 113 230 162 43 
195 126 126 225 159 236 237 69 239 150 171 34 139 13 52 145 6 198 92 181 140 171 254 71 148 145 223 6 247 130 49 59 1 175 30 160 28 139 101 140 35 144 174 46 157 99 63 35 169 156 
216 55 199 215 253 92 233 221 98 225 223 19 30 96 67 187 128 95 198 229 107 233 118 154 152 147 125 215 182 39 243 15 221 187 231 220 151 81 58 249 51 27 141 208 250 208 12 124 175 211 
225 28 61 216 182 213 108 52 46 163 218 34 178 185 94 26 22 117 107 207 239 31 234 125 239 102 78 252 226 253 80 68 26 141 29 80 227 10 4 18 173 223 179 223 25 145 250 174 8 229 
126 247 5 233 117 245 80 195 114 178 65 194 246 92 207 21 44 179 158 49 69 203 144 249 171 169 11 38 215 19 13 86 138 18 64 0 135 16 67 121 194 133 187 186 97 140 79 13 64 109 
62 134 57 78 0 100 119 11 139 79 31 24 38 41 169 102 42 177 246 236 43 185 241 231 243 210 116 194 224 52 175 158 58 232 237 58 205 228 197 89 53 100 240 91 141 154 65 183 203 56 
